1780236996
1780236996
1780236996
1780236996
1780323396
1780323396
1780323396
1780323396
1780409796
1780409796
1780409796
1780409796
1780496196
1780496196
1780496196
1780496196
1780582596
1780582596
1780582596
1780582596
1780668996
1780668996
1780668996
1780668996
1780755396
1780755396
1780755396
1780755396
1780841796
1780841796
1780841796
1780841796
1780928196
1780928196
1780928196
1780928196
1781014596
1781014596
1781014596
1781014596
1781100996
1781100996
1781100996
1781100996
1781187396
1781187396
1781187396
1781187396
1781273796
1781273796
1781273796
1781273796
1781360196
1781360196
1781360196
1781360196
1781446596
1781446596
1781446596
1781446596
1781532996
1781532996
1781532996
1781532996
1781619396
1781619396
1781619396
1781619396
1781705796
1781705796
1781705796
1781705796
1781792196
1781792196
1781792196
1781792196
1781878596
1781878596
1781878596
1781878596
1781964996
1781964996
1781964996
1781964996
1782051396
1782051396
1782051396
1782051396
1782137796
1782137796
1782137796
1782137796
1780237007
1780237007
1780237007
1780237007
1780323407
1780323407
1780323407
1780323407
1780409807
1780409807
1780409807
1780409807
1780496207
1780496207
1780496207
1780496207
1780582607
1780582607
1780582607
1780582607
1780669007
1780669007
1780669007
1780669007
1780755407
1780755407
1780755407
1780755407
1780841807
1780841807
1780841807
1780841807
1780928207
1780928207
1780928207
1780928207
1781014607
1781014607
1781014607
1781014607
1781101007
1781101007
